   2.0000000e+00  -1.0188819e+00  -3.0940710e-01  -7.2322869e-01   1.3759717e+00   3.9414437e-01  -7.1036239e-01  -1.6219661e+00  -9.3807982e-01  -6.9919030e-01  -1.0758485e+00
   2.0000000e+00   2.1765442e+00   1.5914918e+00   2.0248703e+00  -1.8451115e+00   2.3465385e+00  -1.2296569e+00  -8.2509128e-01   5.2000778e-02   6.8939029e-01   6.6419846e-01
   2.0000000e+00  -1.2540021e+00  -5.6184468e-01  -1.8604103e-01   1.5531654e+00   1.6821621e+00   8.6910265e-01  -1.2910952e-01  -7.5543423e-01   9.8564120e-01   5.5184916e-01
   2.0000000e+00  -4.3419735e-02  -2.8617011e-01   6.1499369e-02   6.8830273e-01   4.7487620e-01   1.8441217e+00  -1.4161589e+00  -3.4648993e-01   2.9283456e-01   6.0946450e-01
   2.0000000e+00   1.0225693e+00  -1.9905810e+00  -6.7410384e-01  -1.0721658e+00   6.1253519e-01   1.7217958e+00  -3.4750952e-01  -1.0495235e+00  -1.5381619e+00   1.8996947e+00
   1.0000000e+00   1.8158665e-01   1.0319478e+00   3.0020828e+00  -6.1803337e-01  -1.0068305e+00   2.0214523e-01   3.9546872e-01   1.8847789e-01   7.5297790e-01   6.7402377e-01
   2.0000000e+00  -3.2773608e-01  -1.4334545e-01   4.3592000e-01   6.5887867e-01  -2.6406763e+00   4.7085155e-01   3.8377414e-01   7.3835277e-01  -2.8196802e-01   5.0624188e-01
   2.0000000e+00  -3.5231409e-01  -2.6815638e+00  -4.8382878e-01  -6.1015845e-01   4.3086081e-01   4.1393728e-01  -1.3898368e+00   5.7556264e-01   1.3691915e+00  -1.7822380e+00
   2.0000000e+00  -6.8878146e-01   1.7237384e+00  -2.3083304e-01   8.4443373e-01  -1.8271482e+00   6.0026643e-01   8.3379422e-01   1.3598124e+00  -2.7501569e-01   2.0787938e+00
   2.0000000e+00   7.5371549e-02  -1.2073029e+00  -1.2198404e-02  -1.0214072e+00   3.0201266e-01   1.1259019e+00  -3.1459995e-01   7.9276782e-01   4.7076638e-01   3.5233985e-01
   2.0000000e+00  -3.6571291e-01  -1.5369710e+00  -8.1509586e-01  -1.9701496e-01  -1.6953569e+00  -1.9229830e+00  -3.2290071e-01   1.6817470e-02   3.1265259e-01  -6.2181167e-01
   2.0000000e+00   2.1353230e-01   2.9775392e-01  -1.1561709e+00   5.4052584e-01  -1.4817007e+00  -1.7927758e+00  -1.1773831e+00  -1.4700335e+00  -1.1427430e-01  -3.7959226e-01
   2.0000000e+00  -1.1634745e+00  -1.0328734e+00   2.3638508e+00  -5.5387012e-01  -1.0999575e+00   1.2038736e+00  -8.5567919e-01   3.2689843e-01   9.7415921e-02  -5.6252608e-01
   2.0000000e+00   1.3142854e+00   2.8787697e-01  -1.7880751e+00   2.5606873e-01  -2.2843542e-01  -1.2420997e+00  -4.1821808e-01   1.0629428e+00   1.4128837e+00   2.9943249e-01
   2.0000000e+00   2.1332893e-01  -1.3742106e+00  -1.9015930e+00  -1.4085958e+00  -1.8722423e+00  -5.4141879e-01  -1.4145044e-02   1.1479576e-01   2.2594850e+00   1.6678194e+00
   2.0000000e+00   1.1675815e+00  -1.2462345e+00  -1.7695909e+00  -1.2443208e-01  -9.0357190e-01  -6.8759504e-01  -1.3791645e-01  -5.4766420e-02  -3.8713798e-01   1.0208435e-01
   2.0000000e+00  -1.7827860e+00  -3.6077764e-02   1.3659893e+00  -9.7955857e-01   5.1539022e-01   5.8459276e-01  -7.8390272e-02   4.1316398e-01  -3.4123251e-01   2.2345051e-01
   2.0000000e+00   1.2157097e+00  -1.8890949e+00   1.1486695e+00   1.2520097e+00   6.0637360e-01  -7.8557569e-01  -1.2613441e+00   1.1414696e-01  -1.3925830e+00   7.8631243e-01
   2.0000000e+00   9.5530660e-01  -1.8397858e+00   9.1879059e-01   2.8239593e-01   1.5598973e-01   1.0593435e+00  -2.4558679e-01   8.8115113e-01  -1.9501123e+00  -8.4740365e-01
   2.0000000e+00  -2.6034566e-01  -1.0261813e+00  -1.8500995e+00  -5.9561506e-01  -2.5395986e-01   1.4694705e-01  -8.4136945e-01   1.2600068e+00  -1.6111133e+00   2.0440101e-01
   2.0000000e+00   1.2834240e+00  -1.6049158e+00  -4.9737957e-01  -1.1029842e+00  -1.3499145e+00  -4.0877348e-01  -1.1864179e-04   1.1142692e-01   2.2473930e+00  -9.5487132e-01
   2.0000000e+00   9.0773746e-01  -1.2760953e-02  -5.5807440e-01   1.9101634e+00  -1.4122875e+00   1.3338678e+00   2.3104029e-01   1.2193094e-02   1.6904705e-01  -6.5706038e-01
   2.0000000e+00  -5.1153304e-01  -1.4758296e+00  -1.3218020e+00   1.6709242e+00  -4.1787133e-01   3.6906756e-01   3.6603300e-01  -9.5439149e-01  -1.5352295e-01  -1.1044616e+00
   2.0000000e+00   2.6977056e-01  -1.7698890e+00   1.3320611e+00  -8.8240924e-01  -8.5197323e-01  -1.3425141e+00   6.1639613e-01  -1.0758221e+00  -2.1492706e-01   9.8586020e-01
   2.0000000e+00   1.1995098e+00   1.4298252e+00  -2.4360768e+00  -2.4630291e-02   1.3449457e-01   1.9646413e+00   1.5706819e-01  -1.4435571e-01  -1.2690770e+00  -9.3807583e-01
   2.0000000e+00  -1.3379362e+00   1.8185691e-01   1.0784991e+00   1.2432513e+00  -1.1680068e+00  -3.7932447e-01  -1.6944543e+00  -1.1095534e+00  -1.2982475e+00  -7.5760907e-01
   2.0000000e+00  -1.5848227e+00   7.3894190e-01  -6.1407550e-01   3.9769052e-01  -8.0922341e-01   6.0590933e-01   1.2774018e-02   3.7652539e-03  -3.7915372e-01  -1.2170572e+00
   2.0000000e+00  -5.1312188e-01   8.8549251e-01   5.5244861e-01  -8.7697581e-01   5.9763680e-01  -4.7381710e-01   5.1074025e-01  -2.4448938e+00   7.9984672e-01  -3.7989264e-02
   2.0000000e+00  -7.7588651e-01   5.0012394e-01  -3.5749490e-01   2.5681218e+00  -2.6724839e-01   2.4887238e+00  -7.6177992e-01   1.0693143e+00   5.0901794e-02  -4.3409001e-01
   2.0000000e+00   8.4766402e-01   1.5408792e-01  -7.7702108e-02   2.0467692e-01   1.1145976e+00  -6.9577017e-01   1.9559441e+00   1.6116471e+00  -2.1256583e+00   1.0422051e+00
   2.0000000e+00   1.2944301e-01   1.1171079e+00  -9.6528278e-01  -2.8338120e+00   1.0107991e+00   2.1174169e+00   7.1430088e-01  -3.3720145e-01  -1.0328164e+00  -1.1112120e-02
   2.0000000e+00   8.6991264e-01  -9.4399886e-01  -1.4555392e+00   3.1106443e-01  -1.5663199e+00  -9.0661696e-01  -1.0247397e+00  -2.8281067e-01  -2.8327445e-01  -5.4239876e-01
   2.0000000e+00  -2.1087928e-01   1.0361049e+00  -2.4762562e+00  -8.4319402e-01   6.8156014e-01  -1.1686638e+00  -3.8961076e-01   6.3330792e-01   7.8668956e-01   2.8983595e-01
   2.0000000e+00   8.0522532e-01   7.6324168e-02   2.5355330e-01  -3.1851715e-01  -5.8582394e-01   1.4496806e+00  -8.4804336e-02  -1.7632480e-01  -7.8874134e-01   1.7141402e+00
   2.0000000e+00   9.4139247e-01  -1.2074524e-01  -7.4046382e-01   4.9094445e-01   1.6317807e+00  -8.8785508e-01   1.9556384e-01  -2.1875189e+00  -4.0570653e-01   9.2175331e-01
   2.0000000e+00   2.3594634e+00  -4.8391058e-01   6.4030940e-01   9.8408214e-01  -7.0601722e-02   5.8753559e-01  -5.7303389e-01  -8.5567328e-01   1.6248918e+00  -1.0976358e+00
   2.0000000e+00  -5.0155254e-01  -1.7119522e+00   2.2447650e+00   1.8964593e+00   2.0231741e+00  -4.8649524e-01  -9.1941309e-01  -3.7879876e-01  -2.0384822e+00   1.7991150e-01
   2.0000000e+00   9.8650421e-01   1.2041255e+00   5.8421779e-01  -6.8209906e-01   9.0292685e-01  -4.1945372e-01  -4.1740270e-01  -2.6580489e+00   1.7024129e-01  -5.4277398e-01
   1.0000000e+00  -1.2371496e+00  -1.3257827e-01  -2.5323111e-01  -8.5852554e-02   1.3230581e-01   4.8573080e-02   1.0567527e-01   1.2099864e+00   2.3623247e-01  -7.5420381e-01
   2.0000000e+00  -1.2159315e+00  -1.9561648e-01  -7.6159215e-01  -5.6717355e-01  -1.4834517e+00   1.1129171e-01  -6.5718488e-01  -8.9259741e-01  -1.5241875e+00   4.3216805e-01
   1.0000000e+00   4.3461203e-01  -2.6365698e-01   4.8066422e-01   9.7975275e-01  -2.4731241e-01   1.9036942e-01  -1.4967552e+00  -1.1088661e+00   6.5658230e-01  -9.3784539e-01
   2.0000000e+00   3.1875115e+00  -3.2637948e-01   7.1688972e-01   1.1066995e+00  -5.2961218e-01   4.8618125e-01   1.1130405e+00   1.1332464e+00  -8.6185008e-02  -1.3155704e+00
   2.0000000e+00   1.2015986e+00  -3.2418634e-01   6.5894778e-01   1.1342490e+00  -8.3193059e-01   2.8233310e-01   8.5426887e-01  -9.1459870e-01  -3.4303250e-01   1.4576101e+00
   1.0000000e+00   1.5339408e+00  -4.2590794e-01   1.2480759e-01   1.0408206e+00  -1.1650449e+00  -3.5869856e-01  -1.0325100e+00   3.2255054e-01   5.9378315e-01   1.7641135e+00
   2.0000000e+00   1.8599729e+00  -1.4493622e+00  -1.3449012e+00  -9.7676643e-01   1.9444506e+00  -1.0570154e-01  -3.8501037e-01  -1.9746529e+00   2.5540536e+00  -3.4554678e-01
   2.0000000e+00   3.3408566e-01  -4.3743872e-01   1.0137869e+00  -4.9571940e-01   6.8192369e-01   1.7646223e+00   1.3577184e+00   1.3238571e+00  -5.6838171e-01   1.1717028e+00
   1.0000000e+00  -1.1926528e+00  -7.3026830e-01  -7.6483372e-01   1.3984981e-01   2.8875716e-01  -6.2645415e-01  -1.6514348e-01   3.0589060e-01   1.8024129e-01  -2.3647367e+00
   2.0000000e+00   1.9803384e+00   1.3735821e-01  -5.5949096e-01  -1.2388472e+00  -7.1679851e-01  -7.3377881e-01   1.6287353e-01  -5.9005833e-01  -1.3873745e+00   1.2724993e+00
   2.0000000e+00  -9.1615176e-01  -1.4416086e+00   6.5549801e-01   1.7067204e+00  -4.7100314e-01  -6.9907232e-01  -2.9432303e-01  -1.3702865e+00  -3.3012354e-01   5.9788442e-01
   2.0000000e+00  -9.5207357e-01  -4.7543052e-01  -1.3651704e+00   8.9884936e-02  -1.0043015e+00  -9.5221618e-01  -1.4661784e-02  -1.7558672e+00  -2.9806867e-01   1.6341686e+00
   2.0000000e+00  -4.6166598e-01  -8.1492913e-01  -1.1792935e-01  -1.1893587e+00   1.0026307e+00  -5.5356752e-02  -1.0614925e-01   1.6347521e+00  -8.5873332e-03  -7.7703022e-02
   1.0000000e+00   6.6895781e-01   1.2760762e+00  -4.3918420e-01  -1.4656821e+00   2.0282056e-01   3.3906428e-01   1.0345683e+00   7.8293925e-01   1.0903065e-01  -3.9599959e-01
   2.0000000e+00   3.5270792e-02  -4.1287538e-02   1.2517567e-01   2.9669120e-01   4.4333022e-01  -1.3597112e+00   1.8017604e+00  -8.5818826e-01   1.0022561e+00  -5.8670480e-01
   2.0000000e+00   1.3999815e+00   3.3537444e-01   9.3244532e-01  -7.3998941e-01   3.1079336e-01  -2.9296541e-01   1.6471283e+00  -3.2649914e-01   1.5717657e+00  -1.2772390e+00
   2.0000000e+00  -8.9522029e-01  -1.8365077e-01   9.7703430e-01  -1.7110143e-01   7.0043534e-02   7.9897142e-02  -4.6654821e-01   1.9804605e-01  -1.6264079e+00  -6.9644296e-01
   2.0000000e+00  -1.2082237e+00   5.3833259e-02   2.0809697e+00  -4.3138456e-01   6.0495552e-01  -1.1720946e-02   1.1604573e+00  -1.0030637e+00  -9.8623751e-01   3.2583536e-02
   2.0000000e+00  -1.5998519e+00   7.7302571e-01   3.4139699e-01   1.4850491e-01   1.5642276e+00   5.1113934e-02   1.1740059e+00   7.9457335e-01  -2.3107475e-01   3.2772260e-01
   2.0000000e+00   4.3824386e-01  -3.0552320e-01   2.8446813e-01  -1.9776879e-01   1.9749215e-01  -7.1872843e-01   5.2491023e-01  -2.4153097e-02  -1.2129364e+00   1.2417378e+00
   2.0000000e+00  -1.0144494e-01   9.8002407e-01  -4.8211765e-01   1.8258901e+00  -2.1309098e+00   9.9272261e-01   1.0635089e+00  -4.0862718e-01  -4.6313260e-01  -2.3077092e-01
   2.0000000e+00  -9.0582760e-01   4.1617631e-01  -1.0470674e+00  -4.6275895e-01  -1.8988009e-01  -2.8682624e-01  -1.0040735e+00   8.8437346e-01  -1.8035056e+00   4.7722698e-01
   2.0000000e+00  -1.6616782e+00  -7.9409418e-01  -3.0707674e-01  -1.6199710e+00  -5.4695807e-01   1.3898313e+00  -1.6367464e+00  -1.3655273e+00   2.7379760e-03   2.4344130e-01
   2.0000000e+00   1.3882287e-01   1.7770641e-02   4.6556789e-01  -7.4103427e-01   1.1375845e-01   2.1547157e+00   1.1734651e+00   1.3180121e+00   9.6791004e-01   1.1542214e+00
   2.0000000e+00   1.1715439e+00   1.4289857e+00   1.3279851e+00   6.0908214e-01  -1.6192503e-01   2.6576065e-01  -6.3473340e-01  -9.1399934e-01  -1.3774502e-01  -1.0006008e+00
   2.0000000e+00  -1.4512749e+00   7.3592907e-01   1.2035357e+00   1.6938290e+00  -1.9602332e-01   2.8820144e+00   1.1054578e-01   1.2326767e+00   7.3176217e-01  -1.6444928e+00
   2.0000000e+00   1.0196742e-01  -5.5734533e-01   7.4269025e-01  -1.3236253e+00  -6.5415998e-01   8.5083029e-01  -8.5138125e-01   1.8135427e-01   9.9177860e-01  -1.3854744e-01
   2.0000000e+00  -1.0400424e+00   1.4298742e+00   2.4615312e-01   1.7411190e+00   1.7701859e+00  -5.4747984e-01   9.3174278e-01  -4.6806768e-01  -6.9242988e-01  -7.2225092e-01
   2.0000000e+00  -2.0242231e-01  -7.4942428e-01  -2.4406855e-01  -2.9538796e-01   1.6296115e-01   1.2568248e+00   1.7903176e+00  -9.6591012e-01   5.8086542e-01  -8.9166085e-01
   2.0000000e+00   5.6351756e-01   9.2253164e-01   9.0648165e-01   7.6889312e-01  -3.6174506e-01  -1.1257070e+00   2.8686109e-01  -8.7600658e-01  -1.3814581e+00  -1.0493229e+00
   2.0000000e+00  -3.6000070e-01   1.2623828e+00  -2.2966485e-01   7.1451378e-01   3.3635957e-01   4.5004667e-01  -8.5742954e-01   2.0486420e+00   1.9168078e-01  -5.3220464e-01
   2.0000000e+00   2.3409922e-01  -2.4713240e-01  -3.6784467e-01  -1.8373615e+00  -6.5527143e-01  -8.7425525e-03   1.0890285e+00   8.6122855e-01  -4.6806876e-01   5.5414305e-01
   2.0000000e+00   9.0793444e-01  -9.9046008e-03   1.0608971e+00  -7.3530858e-02   7.7215476e-01   6.7921334e-01   6.1401510e-01  -1.3852202e+00   8.2991639e-01  -1.3496363e+00
   2.0000000e+00   6.6053001e-01   2.9878029e-01   1.2849353e+00  -1.6743510e-01  -1.4833062e+00   3.1964834e-01  -9.3072949e-01   1.1626190e+00   8.8335672e-01   7.7757558e-02
   2.0000000e+00   1.7582432e+00   1.0365805e+00   3.7802523e-02   8.0714936e-01   2.2584048e-01   9.6169484e-02  -2.2512065e-01   1.8273619e+00  -8.4971207e-01  -7.5347433e-01
   2.0000000e+00  -1.6812981e+00  -5.3506381e-01  -1.0658141e+00  -8.8760219e-01   1.3472457e+00   7.3311608e-01  -1.2488340e+00  -4.2302414e-01  -6.2718512e-01  -3.5251748e-01
   2.0000000e+00   7.4424978e-01  -8.8113070e-02  -5.9543341e-01   6.2617909e-01   9.7090860e-01  -2.2545692e-03   4.8082486e-01  -1.1314739e-01  -4.0194024e-01  -9.1188358e-01
   2.0000000e+00  -1.0344355e-01  -2.4855073e-02  -6.7120996e-01  -1.2219737e+00   5.3780874e-01   3.7590399e-02   2.5634460e+00   1.5863970e+00   1.1192379e+00   2.5209756e-02
   2.0000000e+00  -6.9970090e-01   4.2641834e-01  -4.6005408e-01  -3.9652546e-02  -6.3508623e-01   2.0141382e-01  -2.0654120e+00  -4.6630590e-01  -9.6814653e-01  -3.6036130e-01
   2.0000000e+00   4.9164328e-01   1.5267388e+00   1.3528324e+00   3.7779614e-01   1.9095366e+00  -1.2149680e+00  -1.9061702e-01  -4.4390488e-01   5.3456394e-01  -3.1620725e-01
   2.0000000e+00  -1.6626384e+00  -5.0173239e-01  -6.5448112e-01  -9.7110353e-01  -6.2356227e-01   1.6628014e-01  -2.6865586e-01  -7.0787937e-01  -1.1971098e+00   2.8089185e+00
   2.0000000e+00  -7.9947472e-01  -9.7693308e-01  -1.0852698e+00  -8.5760000e-01  -4.8630405e-01   2.6125448e+00   1.3665105e+00   7.1621144e-01   6.7412235e-01  -1.5421491e-01
   1.0000000e+00   7.8429975e-01   3.7904736e-01  -1.8331754e+00  -3.8559317e-01  -2.0848284e+00  -4.6020188e-01  -9.2860471e-01  -1.6746293e+00   6.6077045e-01   3.0701717e-01
   1.0000000e+00   9.5587543e-01  -2.3745749e+00  -2.0545194e+00  -2.4271022e+00  -7.4397674e-03  -1.7007132e-01  -1.5070645e+00  -4.5528494e-01   1.6625094e-01  -5.2569098e-01
   2.0000000e+00  -6.7564698e-01  -6.8485586e-02   4.1420526e-01   9.6260690e-01   4.2732715e-01  -1.4009949e+00   1.5242368e+00   4.0533048e-01  -5.5452766e-01   4.3727803e-01
   1.0000000e+00   2.4416747e-01   9.9788857e-02  -1.3648615e-01  -7.5324091e-01  -4.8640484e-01   6.1208936e-01  -5.0417848e-01   3.7985470e-01   4.0258311e-03  -7.7072360e-01
   2.0000000e+00  -3.8497217e-01  -5.1314686e-01   8.4014540e-01  -3.6784007e-01   1.1933974e+00  -1.9337253e-01  -5.0995664e-01   5.1194576e-01  -8.2527858e-02  -1.5244785e+00
   1.0000000e+00   9.0244761e-01  -6.5397995e-01  -5.9883991e-01  -2.0104716e-01   7.6412209e-01   3.1003766e-01   2.0511344e-01  -8.0002515e-02   9.2116356e-02  -2.4273938e-01
   2.0000000e+00  -1.0653660e+00  -1.3711327e+00   1.5498326e+00   1.4219229e+00  -1.8225874e+00   3.9956993e-01   2.4142723e-01   1.0970446e+00  -1.1086632e+00  -7.3073484e-03
   2.0000000e+00  -6.3786896e-01  -6.3173516e-01  -9.0550910e-01   5.9882057e-02   1.4558985e+00   4.1771032e-01  -1.0548879e+00  -1.1834316e+00  -3.9283379e-01   1.4632992e+00
   2.0000000e+00   2.2883867e+00  -2.2526156e+00  -4.8385471e-01   1.5527454e+00  -8.7163683e-01  -5.4797232e-01   5.5924387e-01  -7.7950580e-01  -4.0775734e-01   1.1420549e-01
   1.0000000e+00   2.0598719e+00   1.0759161e+00   1.6877398e-02  -4.6466712e-01   1.3317865e+00   2.9689541e-01  -2.9185933e-01  -1.5325085e+00   7.5050396e-01   4.6458952e-01
   2.0000000e+00  -2.0741059e+00  -1.5939993e+00   1.0646442e+00  -1.7680031e+00  -3.0120975e-01   4.9699741e-01  -4.7381726e-01  -8.1503071e-01   9.5536480e-01  -5.3727805e-01
   2.0000000e+00  -6.5057763e-02  -4.6842632e-01   1.4095101e+00  -5.7495700e-01   4.7682486e-01  -8.5308635e-01  -6.0043267e-01   1.1377895e+00  -1.3023981e+00  -1.5042709e-01
   2.0000000e+00  -1.1384024e+00   6.4107668e-01   7.5213615e-01  -6.6926191e-01   4.7208494e-02   8.8264010e-01   6.3891985e-01   8.6706757e-01  -5.0052033e-01   7.4257953e-01
   2.0000000e+00   2.6482710e-01  -1.1023140e+00  -3.8517492e-01  -3.2711623e-01   6.6959987e-01  -1.8618226e+00   9.5249770e-01   1.0595814e+00  -1.8852275e+00   1.1452548e+00
   2.0000000e+00   1.1513068e+00   5.4735787e-01   1.4548615e+00   6.1770326e-01  -1.7823460e-01  -7.3529293e-01   1.1407383e+00  -7.3531949e-01   1.4601143e+00   4.7443790e-01
   2.0000000e+00  -6.5416937e-01   8.8716576e-01   1.0778261e-02  -7.0006573e-01   4.2403062e-01   1.9388480e+00  -2.3984430e-01   1.1535806e-01   4.6923347e-02  -2.6215948e-02
   2.0000000e+00   7.5575623e-01   1.9579699e-01  -1.2041075e+00  -8.6346814e-02  -1.4804207e+00  -5.1302504e-01   1.1258050e+00  -9.2513147e-01  -1.4426277e+00  -2.4214046e+00
   2.0000000e+00  -4.1714752e-01  -2.5557068e-01   1.4796179e-01  -1.1013176e+00   1.7187354e-01  -3.4996147e-01   6.7965261e-01   1.4115848e+00  -2.0776996e-01   5.6959313e-01
   2.0000000e+00   1.0568899e+00  -5.7488717e-01   1.0037648e+00  -6.4133576e-01   2.5122748e+00  -5.9823877e-01   7.9924674e-01   5.1771381e-01   1.5886266e+00  -9.4848255e-01
   2.0000000e+00   1.0600179e+00   1.3619425e-01  -2.7395320e-01   3.0591780e-01   2.2202477e-01  -5.7801255e-01   9.9981176e-02   8.2944254e-01  -8.5483546e-01  -1.5361434e+00
